0.39
0.38
0.37
0.38
0.389
0.389
0.367
0.388
0.393
0.397
0.376
0.392
0.4
0.403
0.377
0.388
0.397
0.393
0.401
0.402
0.372
0.397
0.396
0.373
0.382
0.377
0.376
0.385
0.385
0.381
0.382
0.393
0.373
0.37
0.382
0.394
0.391
0.39
0.396
0.377
0.382
0.397
0.369
0.381
0.39
0.398
0.377
0.387
0.394
0.399
0.375
0.393
0.403
0.392
0.392
0.372
0.381
0.382
0.39
0.366
0.377
0.373
0.373
0.385
0.391
0.386
0.385
0.39
0.396
0.389
0.392
0.37
0.375
0.406
0.387
0.4
0.382
0.398
0.373
0.392
0.17
0.406
0.383
0.389
0.395
0.374
0.387
0.398
0.406
0.381
0.394
0.404
0.376
0.394
0.397
0.375
0.389
0.382
0.38
0.39
0.4
0.392
0.405
0.379
0.404
0.394
0.377
0.411
0.386
0.412
0.402
0.379
0.386
0.402
0.376
0.388
0.394
0.411
0.386
0.392
0.4
0.395
0.388
0.395
0.372
0.389
0.4
0.382
0.392
0.327
0.387
0.398
0.374
0.376
0.381
0.397
0.371
0.38
0.387
0.4
0.38
0.39
0.4
0.376
0.384
0.396
0.399
0.376
0.384
0.372
0.384
0.393
0.369
0.378
0.384
0.395
0.371
0.386
0.395
0.41
0.378
0.397
0.373
0.381
0.391
0.369
0.38
0.389
0.394
0.405
0.384
0.392
0.397
0.376
0.391
0.398
0.373
0.398
0.398
0.381
0.39
0.4
0.372
0.386
0.385
0.383
0.385
0.389
0.399
0.385
0.393
0.403
0.377
0.387
0.391
0.374
0.38
0.412
0.399
0.377
0.386
0.382
0.38
0.389
0.366
0.369
0.383
0.389
0.365
0.388
0.399
0.372
0.378
0.378
0.373
0.386
0.236
0.392
0.381
0.387
0.4
0.384
0.389
0.364
0.371
0.397
0.39
0.407
0.383
0.378
0.381
0.389
0.387
0.395
0.405
0.385
0.394
0.383
0.382
0.387
0.398
0.41
0.391
0.393
0.402
0.393
0.402
0.379
0.384
0.401
0.38
0.39
0.399
0.392
0.38
0.389
0.398
0.382
0.393
0.399
0.411
0.392
0.398
0.4
0.378
0.383
0.393
0.401
0.375
0.373
0.382
0.39
0.396
0.378
0.393
0.391
0.366
0.393
0.397
0.378
0.389
0.395
0.403
0.413
0.385
0.369
0.376
0.384
0.395
0.398
0.409
0.386
0.393
0.385
0.404
0.372
0.381
0.393
0.403
0.384
0.385
0.413
0.383
0.385
0.386
0.402
0.376
0.382
0.394
0.385
0.391
0.398
0.376
0.387
0.404
0.374
0.383
0.374
0.397
0.385
0.391
0.393
0.386
0.394
0.398
0.384
0.391
0.394
0.372
0.395
0.397
0.398
0.377
0.392
0.404
0.374
0.385
0.399
0.374
0.384
0.402
0.383
0.408
0.385
0.391
0.386
0.391
0.372
0.383
0.379
0.4
0.382
0.391
0.405
0.373
0.381
0.389
0.407
0.385
0.392
0.394
0.38
0.385
0.396
0.373
0.388
0.406
0.375
0.378
0.375
0.371
0.385
0.388
0.401
0.377
0.387
0.394
0.387
0.392
0.399
0.378
0.404
0.392
0.401
0.377
0.393
0.399
0.375
0.383
0.403
0.377
0.395
0.398
0.377
0.385
0.399
0.377
0.386
0.393
0.376
0.389
0.383
0.401
0.38
0.386
0.378
0.374
0.392
0.389
0.382
0.41
0.395
0.41
0.385
0.384
0.396
0.402
0.394
0.396
0.373
0.387
0.382
0.403
0.374
0.388
0.402
0.38
0.389
0.4
0.379
0.384
0.398
0.372
0.387
0.388
0.405
0.381
0.396
0.396
0.406
0.382
0.402
0.378
0.388
0.395
0.389
0.386
0.406
0.371
0.388
0.397
0.407
0.38
0.405
0.382
0.385
0.396
0.405
0.408
0.394
0.367
0.372
0.379
0.389
0.362
0.38
0.389
0.4
0.375
0.392
0.403
0.379
0.389
0.395
0.407
0.381
0.393
0.371
0.378
0.38
0.392
0.386
0.398
0.398
0.405
0.383
0.392
0.402
0.382
0.397
0.395
0.406
0.384
0.401
0.38
0.392
0.397
0.408
0.378
0.395
0.398
0.387
0.394
0.402
0.38
0.387
0.396
0.403
0.38
0.404
0.378
0.385
0.397
0.409
0.383
0.401
0.403
0.385
0.387
0.401
0.371
0.386
0.394
0.403
0.38
0.372
0.375
0.392
0.388
0.402
0.38
0.39
0.395
0.388
0.392
0.395
0.407
0.384
0.389
0.399
0.41
0.394
0.403
0.385
0.397
0.402
0.382
0.417
0.396
0.388
0.398
0.396
0.377
0.401
0.395
0.407
0.378
0.402
0.4
0.409
0.381
0.402
0.379
0.393
0.401
0.386
0.381
0.386
0.396
0.385
0.398
0.369
0.382
0.391
0.401
0.376
0.383
0.375
0.375
0.384
0.393
0.401
0.408
0.386
0.4
0.39
0.391
0.367
0.401
0.66
0.396
0.404
0.382
0.389
0.4
0.385
0.389
0.403
0.38
0.389
0.393
0.378
0.391
0.405
0.378
0.389
0.395
0.403
0.379
0.391
0.404
0.378
0.391
0.403
0.379
0.39
0.405
0.4
0.38
0.388
0.397
0.382
0.394
0.374
0.383
0.396
0.368
0.374
0.387
0.387
0.395
0.371
0.383
0.375
0.38
0.393
0.403
0.383
0.395
0.4
0.375
0.387
0.399
0.375
0.381
0.393
0.402
0.381
0.389
0.407
0.386
0.391
0.395
0.38
0.39
0.402
0.413
0.381
0.392
0.403
0.377
0.395
0.406
0.38
0.391
0.383
0.4
0.382
0.387
0.377
0.387
0.391
0.374
0.381
0.391
0.372
0.382
0.39
0.4
0.376
0.395
0.402
0.376
0.387
0.397
0.403
0.38
0.394
0.397
0.382
0.387
0.393
0.374
0.385
0.396
0.379
0.387
0.377
0.386
0.398
0.395
0.409
0.383
0.386
0.393
0.381
0.392
0.398
0.376
0.402
0.398
0.405
0.379
0.393
0.396
0.407
0.384
0.378
0.38
0.387
0.395
0.393
0.381
0.393
0.399
0.387
0.398
0.403
0.382
0.39
0.393
0.404
0.38
0.405
0.375
0.385
0.393
0.403
0.379
0.403
0.412
0.379
0.374
0.383
0.396
0.387
0.396
0.374
0.383
0.344
0.385
0.397
0.374
0.374
0.39
0.395
0.369
0.4
0.391
0.368
0.375
0.391
0.364
0.376
0.379
0.374
0.369
0.385
0.398
0.385
0.379
0.388
0.397
0.381
0.389
0.4
0.373
0.388
0.392
0.374
0.382
0.374
0.367
0.379
0.39
0.402
0.375
0.384
0.39
0.386
0.364
0.392
0.369
0.397
0.396
0.377
0.387
0.391
0.367
0.403
0.384
0.401
0.373
0.384
0.392
0.404
0.403
0.379
0.385
0.409
0.385
0.397
0.405
0.387
0.403
0.403
0.38
0.397
0.398
0.406
0.376
0.406
0.384
0.389
0.393
0.381
0.377
0.385
0.397
0.396
0.392
0.405
0.387
0.396
0.409
0.381
0.384
0.398
0.388
0.4
0.373
0.386
0.384
0.392
0.397
0.391
0.392
0.396
0.372
0.386
0.389
0.398
0.376
0.392
0.395
0.376
0.385
0.374
0.405
0.383
0.395
0.385
0.389
0.367
0.37
0.384
0.396
0.37
0.378
0.406
0.403
0.388
0.393
0.396
0.401
0.379
0.388
0.382
0.384
0.394
0.372
0.398
0.377
0.392
0.376
0.375
0.367
0.405
0.384
0.396
0.366
0.377
0.386
0.378
0.388
0.399
0.403
0.378
0.392
0.397
0.404
0.396
0.395
0.401
0.379
0.397
0.373
0.385
0.384
0.402
0.374
0.395
0.402
0.399
0.39
0.396
0.406
0.4
0.376
0.385
0.373
0.393
0.399
0.378
0.384
0.378
0.37
0.381
0.389
0.403
0.379
0.399
0.4
0.391
0.4
0.401
0.373
0.404
0.394
0.373
0.382
0.377
0.383
0.389
0.392
0.405
0.38
0.388
0.399
0.389
0.384
0.394
0.402
0.387
0.39
0.403
0.379
0.372
0.371
0.379
0.39
0.398
0.408
0.386
0.394
0.383
0.4
0.395
0.374
0.404
0.381
0.399
0.407
0.401
0.371
0.375
0.385
0.393
0.406
0.381
0.392
0.407
0.409
0.386
0.394
0.382
0.377
0.39
0.397
0.392
0.401
0.378
0.379
0.376
0.408
0.385
0.388
0.381
0.392
0.387
0.395
0.379
0.387
0.384
0.39
0.395
0.395
0.374
0.383
0.395
0.402
0.381
0.395
0.383
0.379
0.386
0.393
0.398
0.378
0.395
0.399
0.395
0.396
0.413
0.378
0.405
0.382
0.384
0.383
0.379
0.38
0.391
0.399
0.403
0.38
0.39
0.398
0.384
0.385
0.396
0.405
0.398
0.375
0.386
0.394
0.391
0.405
0.384
0.392
0.405
0.385
0.401
0.402
0.381
0.392
0.402
0.379
0.388
0.396
0.407
0.379
0.406
0.382
0.389
0.394
0.382
0.375
0.387
0.396
0.383
0.409
0.383
0.396
0.383
0.386
0.397
0.407
0.4
0.404
0.41
0.383
0.382
0.404
0.375
0.388
0.382
0.384
0.397
0.402
0.384
0.394
0.404
0.411
0.406
0.409
0.379
0.387
0.399
0.375
0.389
0.398
0.373
0.384
0.391
0.371
0.396
0.373
0.39
0.398
0.392
0.394
0.375
0.385
0.374
0.384
0.395
0.373
0.399
0.374
0.388
0.395
0.388
0.363
0.377
0.384
0.379
0.388
0.237
0.377
0.397
0.375
0.382
0.39
0.368
0.38
0.394
0.403
0.405
0.384
0.394
0.409
0.401
0.376
0.384
0.244
0.387
0.396
0.374
0.384
0.386
0.384
0.394
0.372
0.405
0.379
0.379
0.405
0.391
0.392
0.395
0.374
0.392
0.367
0.384
0.395
0.388
0.401
0.383
0.384
0.377
0.388
0.399
0.375
0.368
0.379
0.388
0.398
0.392
0.367
0.377
0.39
0.382
0.393
0.384
0.391
0.406
0.381
0.398
0.407
0.4
0.386
0.397
0.282
0.386
0.398
0.367
0.384
0.379
0.374
0.412
0.388
0.401
0.379
0.389
0.4
0.4
0.374
0.382
0.395
0.381
0.389
0.395
0.375
0.4
0.368
0.385
0.391
0.398
0.372
0.381
0.391
0.381
0.378
0.388
0.399
0.377
0.385
0.397
0.406
0.399
0.394
0.404
0.377
0.404
0.406
0.378
0.389
0.382
0.381
0.396
0.388
0.375
0.387
0.395
0.409
0.402
0.394
0.4
0.378
0.384
0.393
0.402
0.382
0.405
0.402
0.387
0.391
0.383
0.387
0.398
0.375
0.402
0.389
0.397
0.374
0.39
0.397
0.374
0.383
0.376
0.374
0.388
0.258
0.405
0.381
0.392
0.401
0.403
0.408
0.381
0.375
0.387
0.398
0.379
0.389
0.385
0.386
0.397
0.375
0.401
0.378
0.387
0.396
0.39
0.399
0.397
0.375
0.407
0.39
0.392
0.402
0.386
0.393
0.372
0.382
0.365
0.377
0.388
0.397
0.406
0.38
0.396
0.405
0.388
0.388
0.392
0.402
0.395
0.398
0.369
0.382
0.406
0.381
0.392
0.4
0.391
0.377
0.389
0.398
0.38
0.389
0.406
0.384
0.409
0.396
0.404
0.38
0.404
0.403
0.378
0.393
0.381
0.382
0.389
0.396
0.376
0.386
0.396
0.402
0.372
0.383
0.394
0.403
0.384
0.396
0.379
0.389
0.404
0.382
0.389
0.396
0.408
0.285
0.396
0.396
0.378
0.41
0.382
0.395
0.382
0.403
0.406
0.386
0.389
0.398
0.417
0.393
0.387
0.391
0.382
0.392
0.377
0.381
0.391
0.402
0.382
0.385
0.396
0.401
0.394
0.402
0.38
0.393
0.399
0.369
0.205
0.398
0.413
0.383
0.392
0.399
0.376
0.385
0.39
0.409
0.389
0.408
0.407
0.385
0.395
0.47
0.379
0.389
0.406
0.382
0.394
0.406
0.385
0.39
0.393
0.405
0.387
0.383
0.395
0.404
0.39
0.375
0.384
0.392
0.399
0.376
0.391
0.403
0.398
0.375
0.384
0.393
0.388
0.395
0.374
0.384
0.375
0.384
0.403
0.38
0.406
0.377
0.389
0.396
0.389
0.401
0.378
0.388
0.383
0.388
0.398
0.372
0.399
0.369
0.375
0.378
0.402
0.41
0.4
0.398
0.406
0.382
0.393
0.4
0.381
0.388
0.4
0.401
0.393
0.412
0.407
0.378
0.399
0.374
0.386
0.393
0.403
0.379
0.39
0.389
0.379
0.389
0.394
0.401
0.382
0.389
0.405
0.381
0.388
0.396
0.378
0.382
0.405
0.384
0.393
0.402
0.378
0.39
0.394
0.369
0.377
0.39
0.394
0.405
0.396
0.38
0.389
0.404
0.395
0.408
0.388
0.388
0.375
0.383
0.392
0.369
0.395
0.377
0.385
0.397
0.39
0.4
0.383
0.39
0.382
0.393
0.411
0.384
0.375
0.385
0.397
0.408
0.399
0.375
0.384
0.395
0.385
0.396
0.37
0.384
0.397
0.4
0.376
0.387
0.383
0.394
0.407
0.387
0.407
0.382
0.391
0.403
0.388
0.395
0.404
0.381
0.393
0.397
0.406
0.398
0.389
0.401
0.378
0.392
0.369
0.381
0.26
0.404
0.378
0.38
0.389
0.396
0.379
0.396
0.399
0.377
0.39
0.395
0.37
0.381
0.398
0.382
0.385
0.392
0.389
0.381
0.392
0.367
0.394
0.369
0.366
0.375
0.389
0.398
0.381
0.387
0.377
0.399
0.374
0.383
0.402
0.379
0.388
0.399
0.379
0.413
0.391
0.397
0.389
0.405
0.4
0.378
0.403
0.394
0.265
0.399
0.393
0.374
0.384
0.413
0.408
0.409
0.386
0.398
0.387
0.396
0.396
0.374
0.404
0.399
0.375
0.385
0.395
0.405
0.38
0.407
0.399
0.376
0.384
0.395
0.395
0.371
0.37
0.376
0.391
0.398
0.406
0.38
0.401
0.38
0.384
0.391
0.375
0.385
0.391
0.371
0.406
0.406
0.383
0.393
0.383
0.39
0.382
0.407
0.399
0.406
0.382
0.392
0.404
0.396
0.398
0.378
0.38
0.388
0.4
0.378
0.403
0.382
0.38
0.39
0.391
0.401
0.4
0.379
0.402
0.41
0.386
0.392
0.387
0.396
0.403
0.38
0.385
0.396
0.405
0.383
0.376
0.4
0.375
0.386
0.379
0.393
0.379
0.393
0.392
0.402
0.397
0.41
0.383
0.393
0.397
0.404
0.398
0.398
0.375
0.382
0.378
0.402
0.381
0.388
0.404
0.38
0.39
0.401
0.38
0.392
0.396
0.406
0.4
0.393
0.403
0.38
0.393
0.403
0.38
0.387
0.401
0.376
0.383
0.398
0.387
0.381
0.393
0.4
0.38
0.39
0.397
0.407
0.4
0.409
0.38
0.385
0.399
0.406
0.377
0.393
0.385
0.384
0.392
0.403
0.387
0.395
0.407
0.384
0.384
0.396
0.4
0.379
0.391
0.398
0.403
0.381
0.397
0.376
0.383
0.388
0.375
0.383
0.393
0.401
0.377
0.389
0.399
0.375
0.384
0.395
0.404
0.379
0.399
0.397
0.41
0.392
0.384
0.386
0.391
0.396
0.407
0.382
0.394
0.405
0.382
0.394
0.406
0.378
0.39
0.406
0.375
0.39
0.393
0.393
0.374
0.384
0.377
0.388
0.398
0.375
0.366
0.378
0.388
0.401
0.398
0.409
0.379
0.392
0.385
0.396
0.37
0.383
0.369
0.379
0.388
0.365
0.392
0.389
0.365
0.38
0.386
0.395
0.372
0.381
0.386
0.363
0.373
0.384
0.379
0.407
0.392
0.401
0.389
0.381
0.388
0.402
0.373
0.386
0.378
0.386
0.38
0.389
0.4
0.388
0.37
0.382
0.387
0.397
0.377
0.38
0.389
0.4
0.382
0.392
0.403
0.379
0.393
0.401
0.378
0.386
0.396
0.404
0.382
0.392
0.388
0.375
0.388
0.398
0.385
0.392
0.401
0.384
0.377
0.39
0.399
0.375
0.398
0.371
0.386
0.395
0.384
0.402
0.399
0.373
0.404
0.373
0.388
0.394
0.391
0.371
0.377
0.386
0.382
0.396
0.404
0.373
0.375
0.39
0.397
0.372
0.397
0.409
0.39
0.397
0.39
0.389
0.403
0.378
0.406
0.37
0.379
0.386
0.4
0.371
0.387
0.393
0.404
0.38
0.391
0.399
0.384
0.389
0.398
0.376
0.403
0.396
0.373
0.384
0.38
0.385
0.402
0.407
0.405
0.382
0.392
0.395
0.377
0.387
0.4
0.373
0.388
0.384
0.396
0.368
0.399
0.413
0.38
0.392
0.405
0.377
0.395
0.4
0.379
0.386
0.396
0.372
0.386
0.394
0.405
0.409
0.395
0.369
0.387
0.388
0.405
0.377
0.383
0.364
0.38
0.386
0.397
0.35
0.381
0.39
0.369
0.377
0.406
0.381
0.376
0.4
0.4
0.375
0.388
0.394
0.407
0.381
0.387
0.397
0.407
0.394
0.404
0.384
0.387
0.392
0.404
0.382
0.374
0.384
0.38
0.389
0.382
0.377
0.393
0.393
0.376
0.381
0.401
0.373
0.396
0.398
0.376
0.384
0.376
0.374
0.38
0.391
0.387
0.38
0.383
0.391
0.384
0.391
0.4
0.375
0.396
0.398
0.369
0.378
0.368
0.395
0.374
0.388
0.4
0.376
0.384
0.399
0.372
0.384
0.395
0.374
0.393
0.39
0.368
0.383
0.37
0.367
0.376
0.388
0.389
0.4
0.387
0.396
0.39
0.383
0.394
0.397
0.409
0.388
0.39
0.404
0.395
0.37
0.372
0.381
0.391
0.366
0.376
0.397
0.41
0.378
0.388
0.402
0.381
0.39
0.398
0.375
0.389
0.395
0.401
0.38
0.404
0.407
0.38
0.383
0.406
0.379
0.398
0.408
0.396
0.369
0.381
0.406
0.395
0.386
0.367
0.377
0.402
0.392
0.409
0.388
0.379
0.39
0.377
0.385
0.385
0.394
0.394
0.396
0.379
0.391
0.402
0.413
0.388
0.399
0.403
0.378
0.392
0.375
0.382
0.389
0.39
0.396
0.383
0.387
0.392
0.406
0.381
0.393
0.384
0.394
0.402
0.386
0.397
0.4
0.376
0.381
0.371
0.38
0.396
0.405
0.35
0.387
0.4
0.403
0.397
0.392
0.401
0.379
0.395
0.406
0.386
0.393
0.4
0.375
0.387
0.39
0.387
0.386
0.399
0.399
0.396
0.393
0.396
0.372
0.4
0.4
0.408
0.383
0.374
0.372
0.384
0.394
0.385
0.379
0.393
0.372
0.4
0.392
0.369
0.378
0.389
0.365
0.375
0.382
0.378
0.404
0.386
0.389
0.374
0.388
0.394
0.371
0.397
0.388
0.362
0.372
0.368
0.395
0.371
0.38
0.373
0.371
0.383
0.389
0.383
0.376
0.386
0.396
0.39
0.387
0.394
0.373
0.399
0.402
0.376
0.381
0.376
0.398
0.345
0.405
0.39
0.405
0.367
0.391
0.386
0.391
0.375
0.382
0.377
0.384
0.402
0.374
0.397
0.377
0.393
0.402
0.389
0.402
0.387
0.393
0.373
0.378
0.389
0.398
0.383
0.383
0.394
0.373
0.388
0.394
0.377
0.384
0.379
0.368
0.38
0.393
0.387
0.382
0.39
0.399
0.373
0.382
0.393
0.376
0.38
0.391
0.374
0.383
0.369
0.37
0.379
0.388
0.393
0.368
0.379
0.386
0.373
0.376
0.387
0.398
0.391
0.389
0.369
0.376
0.372
0.401
0.385
0.392
0.395
0.371
0.383
0.392
0.387
0.397
0.396
0.373
0.377
0.389
0.397
0.375
0.387
0.395
0.374
0.381
0.392
0.37
0.379
0.389
0.382
0.385
0.389
0.398
0.376
0.386
0.397
0.373
0.379
0.388
0.404
0.383
0.367
0.379
0.38
0.387
0.382
0.379
0.388
0.399
0.41
0.384
0.392
0.368
0.397
0.373
0.37
0.377
0.372
0.393
0.408
0.384
0.405
0.404
0.381
0.392
0.386
0.393
0.394
0.401
0.395
0.388
0.398
0.373
0.389
0.399
0.381
0.385
0.364
0.373
0.384
0.389
0.382
0.378
0.389
0.366
0.391
0.384
0.399
0.369
0.392
0.366
0.378
0.387
0.381
0.367
0.379
0.389
0.38
0.375
0.386
